# unix_time, cycles_done, cur_path, paths_total, pending_total, pending_favs, map_size, unique_crashes, unique_hangs, max_depth, execs_per_sec
1584612427, 0, 0, 1, 1, 1, 0.14%, 0, 0, 1, 6666.67
1584612432, 0, 13, 15, 2, 2, 0.27%, 7, 0, 3, 23762.59
1584612437, 13, 8, 15, 0, 0, 0.27%, 9, 0, 3, 22286.06
1584612442, 26, 10, 15, 0, 0, 0.27%, 9, 0, 3, 21515.11
1584612447, 39, 11, 15, 0, 0, 0.27%, 9, 0, 3, 21552.60
1584612452, 53, 1, 15, 0, 0, 0.27%, 9, 0, 3, 21574.65
1584612457, 66, 3, 15, 0, 0, 0.27%, 9, 0, 3, 21336.12
1584612462, 78, 3, 15, 0, 0, 0.27%, 9, 0, 3, 16628.19
1584612467, 91, 8, 15, 0, 0, 0.27%, 10, 0, 3, 20598.50
1584612473, 104, 14, 15, 0, 0, 0.27%, 10, 0, 3, 21562.68
1584612478, 118, 4, 15, 0, 0, 0.27%, 10, 0, 3, 21611.98
1584612483, 131, 8, 15, 0, 0, 0.27%, 10, 0, 3, 21537.69
1584612488, 144, 13, 15, 0, 0, 0.27%, 10, 0, 3, 21567.80
1584612493, 158, 1, 15, 0, 0, 0.27%, 10, 0, 3, 21237.42
1584612498, 170, 8, 15, 0, 0, 0.27%, 10, 0, 3, 20760.31
